a
001
1
1
1
1
1
1
a
001
1
1
1
1
1
1
b
002
2
2
2
2
2
2
b
002
2
2
2
2
2
2
c
003
3
3
3
3
3
3
c
003
3
3
3
3
3
3
b
002
2
2
2
2
2
2
a
002
2
2
2
2
2
2
a
006
1
1
1
1
1
1
admin
002
15
15
1515
16
16
1616
l
001
1
1
1
1
1
1
l
002
2
2
2
2
2
2
h
001
1
1
1
1
1
1
h
002
2
2
2
2
2
2
